11
16
27
51
56
62
64
67
69
79
90
107
108
109
114
138
143
144
146
150
164
172
176
187
188
193
195
198
204
210
214
224
251
252
263
272
273
282
288
296
302
306
307
313
314
316
323
326
329
332
338
345
350
353
362
373
383
394
396
398
405
427
428
433
440
449
451
455
465
483
492
499
521
530
532
540
551
553
557
564
571
579
580
592
598
602
636
637
663
673
683
687
701
703
714
717
718
724
725
728
731
732
736
737
745
746
752
754
758
769
800
803
804
813
818
825
828
829
830
836
841
843
845
850
871
872
874
882
885
892
897
900
911
916
927
929
930
935
938
950
952
955
957
958
964
966
967
970
973
985
993
998
1011
1012
1018
1024
1033
1041
1051
1064
1081
1098
1104
1107
1110
1111
1114
1120
1125
1139
1144
1155
1167
1168
1190
1193
1196
1199
1205
1208
1214
1215
1220
1224
1230
1263
1270
1271
1277
1278
1286
1293
1302
1311
1313
1318
1324
1328
1330
1334
1336
1342
1344
1348
1349
1352
1362
1367
1368
1376
1391
1396
1400
1407
1431
1432
1439
1454
1463
1473
1478
1482
1489
1492
1505
1513
1515
1519
1526
1532
1533
1549
1550
1563
1569
1574
1578
1579
1586
1587
1594
1600
1602
1604
1612
1619
1625
1631
1634
1639
1645
1653
1671
1674
1694
1695
1702
1707
1713
1723
1729
1739
1754
1755
1759
1761
1778
1782
1798
1799
1808
1814
1819
1824
1830
1832
1855
1856
1858
1860
1865
1868
1874
1875
1891
1915
1916
1922
1926
1927
1941
1951
1967
1968
1970
1971
2006
2007
2008
2011
2040
2054
2056
2075
2090
2096
2107
2109
2111
2119
2127
2130
2136
2146
2149
2150
2151
2152
2158
2168
2169
2175
2183
2193
2194
2197
2201
2210
2227
2229
2231
2232
2240
2269
2272
2289
2292
2293
2299
2303
2337
2338
2340
2345
2347
2348
2355
2381
2382
2387
2391
2395
2404
2410
2411
2412
2419
2425
2427
2442
2447
2462
2467
2471
2480
2484
2511
2518
2535
2543
2550
2561
2562
2564
2567
2570
2573
2579
2581
2584
2595
2608
2619
2626
2627
2640
2649
2652
2653
2657
2658
2675
2693
2708
2712
2722
2726
2738
2739
2742
2743
2745
2753
2755
2756
2772
2781
2786
2788
2804
2812
2822
2824
2837
2840
2852
2854
2856
2857
2863
2868
2872
2874
2878
2880
2897
2916
2921
2922
2931
2936
2940
2942
2945
2961
2974
2982
2984
2993
3023
3026
3036
3041
3058
3063
3071
3091
3092
3108
3114
3124
3129
3137
3141
3143
3144
3153
3158
3159
3163
3170
3172
3185
3189
3191
3200
3208
3230
3234
3241
3242
3243
3245
3261
3263
3278
3280
3286
3288
3290
3291
3293
3298
3328
3332
3343
3346
3348
3350
3352
3356
3364
3373
3379
3397
3401
3407
3409
3417
3423
3434
3447
3457
3459
3461
3463
3467
3468
3480
3496
3501
3503
3520
3524
3539
3541
3547
3571
3572
3578
3586
3593
3602
3605
3625
3643
3644
3647
3651
3654
3662
3678
3691
3693
3700
3717
3725
3732
3733
3734
3749
3752
3755
3760
3761
3764
3768
3773
3776
3778
3779
3783
3794
3800
3802
3821
3827
3841
3849
3850
3856
3868
3871
3879
3882
3887
3888
3891
3903
3904
3912
3919
3940
3948
3952
3966
3969
3975
3980
3981
3987
3990
3991
3997
4006
4013
4030
4034
4037
4041
4048
4050
4062
4068
4087
4089
4091
4095
4101
4105
4112
4127
4129
4133
4138
4143
4145
4147
4151
4156
4160
4163
4170
4174
4176
4215
4219
4222
4231
4232
4243
4252
4253
4257
4258
4262
4271
4273
4281
4286
4291
4296
4312
4325
4330
4335
4336
4342
4351
4362
4368
4374
4380
4383
4391
4394
4409
4418
4420
4431
4433
4464
4472
4479
4482
4502
4509
4510
4514
4517
4519
4530
4533
4535
4536
4539
4550
4554
4557
4558
4565
4569
4581
4587
4596
4598
4599
4601
4604
4615
4621
4626
4633
4636
4637
4642
4650
4659
4671
4675
4678
4682
4686
4692
4694
4697
4698
4699
4712
4714
4730
4738
4743
4750
4760
4778
4796
4797
4798
4822
4823
4828
4829
4838
4856
4870
4875
4881
4883
4885
4890
4896
4905
4918
4937
4938
4941
4944
4946
4947
4952
4959
4965
4972
4983
5001
5004
5007
5009
5014
5017
5022
5023
5030
5038
5042
5046
5061
5062
5078
5086
5090
5094
5098
5106
5109
5110
5113
5124
5126
5134
5148
5149
5153
5156
5158
5165
5180
5190
5201
5205
5225
5240
5249
5254
5256
5258
5260
5294
5305
5310
5321
5322
5328
5345
5350
5367
5369
5374
5383
5388
5397
5404
5407
5409
5415
5426
5429
5434
5438
5441
5453
5459
5462
5465
5476
5484
5485
5492
5502
5507
5510
5511
5518
5524
5531
5533
5537
5555
5566
5567
5580
5583
5596
5600
5608
5609
5614
5629
5636
5637
5647
5657
5660
5662
5666
5670
5680
5708
5709
5710
5711
5714
5718
5739
5755
5756
5758
5766
5767
5791
5795
5805
5812
5820
5824
5835
5837
5845
5847
5855
5861
5870
5873
5879
5883
5889
5895
5897
5911
5918
5924
5927
5928
5930
5935
5940
5950
5961
5963
5971
5992
6001
6012
6017
6021
6023
6025
6038
6040
6047
6054
6063
6067
6068
6076
6090
6098
6115
6143
6146
6156
6161
6162
6172
6178
6183
6200
6201
6208
6210
6215
6222
6224
6233
6240
6241
6243
6246
6250
6264
6266
6270
6285
6289
6290
6292
6293
6297
6301
6305
6317
6321
6322
6323
6327
6330
6335
6337
6338
6339
6340
6345
6349
6351
6366
6370
6381
6384
6392
6393
6399
6441
6458
6461
6464
6466
6477
6479
6484
6486
6488
6489
6491
6509
6514
6519
6529
6530
6540
6544
6561
6573
6577
6586
6591
6595
6596
6606
6615
6616
6617
6626
6637
6644
6655
6671
6672
6677
6690
6692
6695
6697
6705
6710
6760
6778
6782
6788
6792
6794
6799
6805
6806
6810
6811
6819
6823
6827
6847
6851
6863
6882
6891
6893
6911
6928
6936
6937
6939
6943
6946
6947
6948
6979
6987
6998
7002
7004
7008
7040
7046
7055
7056
7057
7063
7067
7072
7074
7077
7078
7085
7087
7100
7119
7128
7130
7151
7156
7157
7166
7168
7174
7178
7181
7183
7192
7193
7203
7218
7220
7221
7230
7243
7246
7262
7265
7266
7267
7279
7284
7318
7320
7321
7330
7333
7341
7343
7349
7354
7357
7365
7366
7369
7380
7385
7391
7392
7395
7399
7402
7403
7406
7411
7417
7419
7420
7426
7433
7434
7442
7448
7451
7463
7482
7488
7491
7511
7512
7521
7523
7524
7527
7529
7533
7536
7538
7542
7567
7569
7571
7572
7573
7584
7591
7592
7597
7598
7605
7608
7610
7612
7617
7626
7639
7650
7656
7663
7670
7674
7687
7691
7692
7707
7708
7709
7710
7724
7729
7740
7744
7750
7755
7756
7763
7764
7775
7779
7782
7793
7809
7816
7822
7841
7861
7870
7871
7872
7877
7884
7887
7888
7889
7892
7901
7908
7935
7957
7958
7963
7969
7970
7978
7979
7991
7994
8001
8002
8006
8009
8012
8015
8024
8031
8036
8041
8051
8062
8063
8076
8082
8085
8087
8093
8128
8130
8135
8137
8141
8143
8149
8152
8164
8169
8173
8187
8222
8226
8230
8239
8257
8265
8267
8275
8280
8287
8294
8296
8299
8300
8319
8321
8322
8327
8331
8346
8349
8354
8358
8360
8362
8379
8390
8395
8396
8408
8409
8412
8415
8418
8420
8424
8430
8432
8439
8442
8447
8448
8453
8456
8457
8460
8464
8479
8495
8501
8506
8521
8546
8556
8565
8575
8578
8582
8585
8586
8593
8597
8601
8631
8636
8643
8648
8651
8654
8658
8667
8692
8704
8719
8721
8727
8728
8738
8740
8744
8757
8762
8765
8766
8772
8776
8783
8810
8836
8843
8854
8865
8867
8869
8871
8886
8889
8912
8914
8916
8924
8930
8940
8943
8948
8950
8960
8964
8966
8981
8984
8994
8995
8996
9006
9008
9012
9025
9035
9044
9048
9055
9062
9080
9082
9084
9087
9092
9102
9105
9106
9114
9123
9126
9127
9128
9132
9135
9139
9159
9166
9173
9180
9181
9187
9190
9197
9203
9224
9225
9240
9254
9263
9271
9273
9274
9286
9287
9295
9298
9301
9326
9330
9355
9367
9373
9378
9382
9392
9397
9400
9401
9407
9412
9415
9416
9418
9429
9439
9446
9449
9460
9463
9465
9473
9482
9487
9497
9504
9515
9536
9540
9549
9556
9562
9564
9574
9576
9580
9582
9588
9589
9594
9603
9607
9609
9610
9614
9616
9646
9648
9654
9659
9661
9662
9665
9670
9676
9683
9684
9686
9688
9691
9695
9704
9712
9749
9750
9762
9763
9778
9781
9786
9800
9806
9824
9836
9841
9843
9848
9858
9871
9872
9885
9905
9910
9913
9914
9923
9925
9927
9933
9940
9946
9951
9952
9960
9966
9967
9971
9975
9978
9982
9986
10011
10013
10029
10046
10047
10051
10057
10059
10061
10066
10067
10072
10074
10094
10103
10111
10122
10124
10126
10129
10133
10147
10161
10172
10176
10181
10192
10205
10208
10209
10210
10211
10223
10227
10230
10241
10246
10258
10268
10270
10271
10277
10282
10287
10288
10297
10304
10309
10315
10320
10323
10335
10336
10342
10357
10365
10366
10367
10369
10374
10375
10379
10389
10390
10406
10418
10423
10427
10428
10433
10438
10439
10443
10447
10452
10479
10482
10500
10514
10518
10524
10537
10541
10542
10543
10555
10577
10590
10594
10597
10609
10614
10623
10628
10629
10635
10636
10655
10673
10674
10675
10676
10678
10679
10690
10698
10706
10715
10723
10729
10749
10755
10773
10774
10776
10788
10789
10792
10797
10801
10804
10805
10814
10828
10848
10852
10858
10859
10863
10878
10882
10883
10887
10890
10891
10894
10895
10900
10907
10910
10912
10914
10915
10921
10931
10938
10939
10951
10952
10960
10968
10970
10977
10978
10979
10992
10993
11012
11017
11020
11023
11025
11038
11039
11048
11051
11069
11083
11095
11112
11113
11130
11141
11143
11146
11148
11158
11163
11164
11175
11177
11178
11180
11186
11194
11195
11198
11201
11208
11211
11217
11224
11229
11248
11259
11260
11266
11267
11272
11279
11283
11292
11298
11300
11301
11302
11309
11319
11324
11337
11340
11344
11351
11353
11358
11375
11376
11382
11387
11392
11396
11397
11404
11410
11420
11422
11427
11432
11433
11442
11448
11453
11469
11473
11485
11493
11509
11511
11513
11516
11542
11552
11556
11559
11561
11562
11570
11574
11581
11590
11593
11594
11595
11605
11609
11610
11611
11614
11615
11620
11637
11638
11649
11651
11657
11660
11662
11664
11669
11670
11678
11684
11696
11699
11706
11710
11712
11714
11720
11725
11728
11734
11736
11739
11746
11747
11750
11755
11758
11759
11767
11770
11772
11773
11782
11802
11806
11830
11832
11835
11839
11842
11850
11864
11876
11877
11887
11894
11905
11928
11932
11935
11937
11939
11940
11968
11971
11977
11979
11982
11987
11988
11989
11994
12015
12025
12026
12027
12028
12030
12032
12034
12036
12038
12057
12063
12064
12065
12073
12094
12102
12106
12118
12119
12121
12123
12130
12132
12140
12144
12149
12151
12153
12157
12158
12162
12169
12173
12176
12190
12202
12212
12220
12222
12223
12238
12240
12255
12257
12277
12302
12304
12305
12313
12314
12317
12328
12330
12353
12369
12381
12383
12386
12388
12391
12392
12397
12405
12407
12414
12426
12429
12431
12440
12442
12464
12489
12499
12512
12515
12517
12518
12525
12536
12540
12541
12542
12543
12550
12556
12559
12565
12570
12591
12615
12618
12632
12638
12649
12682
12684
12694
12698
12701
12702
12715
12719
12727
12745
12747
12754
12761
12767
12781
12782
12787
12788
12794
12795
12801
12822
12830
12845
12846
12853
12865
12867
12869
12871
12893
12927
12939
12952
12964
12965
12980
12986
12987
12995
12996
12999
13005
13006
13017
13021
13039
13043
13050
13053
13056
13072
13076
13077
13078
13089
13107
13117
13120
13121
13127
13128
13133
13135
13154
13163
13167
13172
13194
13198
13202
13203
13206
13227
13238
13248
13252
13253
13258
13259
13270
13277
13282
13285
13288
13304
13308
13325
13330
13332
13334
13339
13343
13350
13355
13360
13382
13383
13385
13406
13423
13432
13434
13440
13448
13449
13454
13470
13473
13474
13476
13484
13487
13490
13491
13499
13504
13505
13507
13513
13517
13523
13526
13527
13533
13537
13557
13560
13561
13565
13566
13568
13571
13584
13585
13587
13588
13591
13592
13593
13602
13612
13614
13621
13622
13629
13641
13651
13656
13662
13667
13675
13677
13679
13684
13692
13701
13703
13713
13720
13735
13741
13748
13752
13757
13761
13767
13792
13800
13803
13811
13816
13821
13824
13832
13844
13845
13846
13851
13859
13866
13867
13877
13880
13893
13899
13900
13901
13904
13908
13913
13921
13924
13930
13944
13952
13959
13976
13984
13988
13992
14006
14012
14023
14026
14029
14040
14044
14046
14047
14056
14061
14065
14066
14068
14070
14072
14082
14086
14090
14093
14103
14106
14110
14122
14124
14126
14129
14136
14138
14142
14160
14168
14176
14184
14185
14190
14199
14205
14226
14227
14231
14239
14254
14255
14259
14266
14273
14274
14310
14313
14318
14325
14330
14334
14342
14358
14362
14368
14371
14385
14388
14392
14396
14401
14410
14421
14428
14435
14436
14442
14443
14445
14447
14448
14452
14456
14458
14476
14477
14483
14491
14501
14509
14511
14513
14520
14523
14525
14526
14533
14536
14538
14545
14549
14555
14559
14564
14566
14568
14572
14580
14581
14607
14620
14625
14626
14628
14631
14633
14641
14649
14666
14675
14684
14687
14700
14701
14716
14724
14738
14758
14759
14760
14766
14776
14777
14795
14805
14812
14813
14817
14829
14840
14851
14853
14868
14869
14881
14886
14894
14902
14904
14907
14918
14924
14925
14927
14928
14935
14938
14942
14944
14950
14955
14969
14971
14972
14975
14990
15007
15012
15013
15014
15016
15017
15020
15027
15032
15035
15040
15044
15053
15064
15065
15070
15077
15103
15106
15108
15112
15116
15124
15128
15135
15150
15163
15167
15177
15198
15200
15204
15206
15207
15214
15222
15234
15254
15268
15279
15284
15288
15290
15319
15321
15326
15331
15344
15350
15351
15354
15368
15387
15404
15410
15411
15413
15415
15420
15423
15424
15425
15428
15434
15444
15451
15455
15463
15466
15467
15485
15495
15528
15533
15553
15556
15562
15565
15569
15591
15594
15608
15623
15633
15636
15649
15651
15656
15658
15660
15667
15674
15677
15687
15701
15704
15717
15720
15728
15737
15740
15741
15742
15749
15750
15755
15757
15759
15760
15761
15763
15776
15777
15785
15793
15806
15809
15818
15822
15828
15830
15835
15839
15841
15872
15877
15878
15908
15919
15951
15960
15964
15970
15971
15974
15981
15986
15989
15991
15992
15996
15997
16003
16010
16012
16015
16023
16028
16036
16045
16046
16047
16052
16056
16058
16064
16065
16067
16072
16073
16088
16089
16091
16098
16101
16119
16120
16125
16127
16133
16134
16140
16142
16143
16146
16147
16150
16158
16159
16171
16175
16176
16180
16184
16191
16196
16197
16198
16205
16219
16228
16230
16234
16244
16251
16255
16280
16286
16287
16292
16295
16297
16299
16302
16309
16310
16312
16315
16334
16338
16341
16342
16344
16352
16353
16355
16370
16376
16379
16391
16392
16394
16400
16413
16429
16435
16436
16438
16466
16467
16471
16472
16475
16479
16501
16505
16511
16513
16515
16521
16522
16535
16550
16562
16563
16578
16579
16583
16586
16595
16603
16611
16613
16616
16620
16628
16630
16639
16663
16669
16673
16679
16690
16697
16699
16710
16720
16728
16730
16737
16739
16752
16768
16781
16799
16807
16808
16811
16813
16820
16849
16851
16854
16857
16865
16890
16902
16903
16910
16913
16916
16924
16937
16950
16956
16958
16965
16966
16968
16969
16981
16987
16999
17000
17010
17014
17041
17043
17052
17060
17073
17074
17075
17125
17157
17168
17171
17176
17184
17192
17195
17200
17201
17210
17220
17221
17222
17224
17238
17241
17242
17247
17253
17255
17259
17262
17282
17290
17291
17295
17298
17301
17304
17305
17316
17328
17331
17333
17340
17341
17343
17344
17347
17353
17376
17383
17384
17387
17390
17394
17404
17405
17413
17433
17437
17443
17445
17446
17455
17472
17482
17492
17493
17498
17510
17513
17524
17525
17544
17551
17557
17562
17563
17567
17575
17590
17592
17599
17610
17625
17626
17640
17642
17643
17655
17659
17665
17682
17684
17685
17686
17696
17710
17725
17731
17733
17740
17741
17744
17746
17755
17763
17771
17783
17799
17811
17824
17831
17844
17846
17856
17861
17863
17868
17870
17880
17881
17888
17896
17928
17929
17947
17948
17950
17976
17981
17985
17991
17998
18009
18064
18076
18080
18081
18085
18091
18101
18103
18106
18109
18113
18115
18131
18134
18138
18162
18176
18179
18184
18194
18204
18212
18218
18220
18231
18236
18248
18254
18256
18262
18268
18269
18287
18291
18295
18297
18299
18304
18309
18331
18332
18337
18345
18352
18356
18357
18358
18360
18367
18373
18375
18378
18397
18399
18404
18408
18411
18418
18419
18423
18425
18430
18431
18449
18450
18452
18454
18464
18471
18474
18476
18496
18497
18498
18502
18503
18514
18515
18516
18523
18527
18528
18536
18555
18556
18558
18561
18566
18571
18572
18590
18593
18599
18606
18607
18617
18641
18642
18657
18666
18673
18684
18688
18697
18705
18706
18711
18719
18728
18735
18738
18744
18750
18753
18759
18760
18775
18780
18784
18787
18789
18810
18814
18815
18828
18833
18837
18848
18852
18860
18872
18873
18878
18879
18889
18911
18912
18915
18919
18925
18926
18932
18934
18939
18949
18951
18959
18973
18975
18977
18985
18990
19004
19005
19010
19014
19016
19022
19045
19052
19054
19065
19097
19107
19109
19113
19124
19129
19142
19143
19154
19188
19194
19201
19202
19207
19209
19212
19219
19243
19253
19256
19263
19268
19270
19276
19287
19295
19318
19324
19325
19327
19332
19342
19349
19368
19370
19371
19389
19396
19401
19407
19419
19420
19423
19424
19430
19433
19434
19438
19440
19444
19447
19448
19453
19458
19469
19476
19477
19480
19485
19495
19498
19500
19508
19510
19513
19514
19527
19534
19535
19538
19544
19553
19580
19581
19585
19587
19595
19599
19609
19621
19624
19628
19629
19632
19640
19641
19656
19659
19662
19670
19676
19682
19693
19695
19697
19699
19705
19718
19719
19722
19729
19736
19737
19738
19741
19743
19744
19746
19757
19762
19763
19770
19772
19784
19789
19797
19801
19807
19809
19814
19819
19820
19833
19837
19839
19846
19852
19853
19861
19889
19894
19909
19911
19913
19918
19920
19923
19927
19930
19935
19942
19943
19955
19959
19960
19962
19964
19975
19994
20008
20016
20029
20031
20034
20038
20040
20045
20053
20064
20079
20098
20110
20111
20112
20116
20118
20126
20130
20131
20150
20153
20172
20176
20182
20183
20184
20189
20201
20208
20211
20213
20227
20239
20250
20268
20272
20278
20284
20285
20288
20289
20290
20296
20298
20303
20308
20318
20324
20328
20336
20338
20340
20352
20369
20371
20383
20393
20395
20396
20409
20415
20418
20440
20456
20462
20463
20467
20475
20476
20481
20485
20490
20491
20499
20501
20504
20508
20516
20521
20527
20549
20552
20553
20563
20569
20581
20589
20597
20604
20613
20614
20617
20622
20623
20632
20645
20655
20658
20659
20660
20663
20669
20670
20676
20685
20690
20705
20718
20719
20724
20736
20741
20748
20760
20772
20773
20774
20780
20788
20789
20797
20801
20803
20806
20814
20818
20825
20826
20830
20831
20833
20843
20850
20864
20869
20873
20875
20887
20892
20893
20895
20896
20899
20908
20910
20912
20913
20918
20933
20941
20942
20951
20953
20955
20961
20963
20967
20981
20983
20989
20996
21004
21010
21016
21021
21026
21028
21029
21034
21035
21040
21048
21058
21070
21084
21102
21105
21110
21138
21142
21146
21150
21155
21173
21177
21180
21200
21206
21208
21212
21235
21237
21240
21241
21242
21244
21248
21254
21261
21265
21267
21280
21282
21283
21286
21292
21295
21306
21309
21310
21312
21317
21324
21342
21344
21348
21350
21371
21377
21384
21393
21395
21399
21400
21404
21405
21412
21414
21415
21416
21438
21443
21454
21461
21467
21469
21474
21475
21491
21496
21500
21504
21510
21511
21516
21528
21530
21544
21545
21547
21549
21558
21569
21577
21578
21581
21585
21601
21610
21613
21617
21627
21637
21638
21639
21641
21645
21646
21652
21655
21656
21657
21664
21666
21668
21669
21697
21716
21738
21742
21747
21757
21774
21778
21790
21800
21810
21818
21831
21835
21837
21839
21851
21852
21853
21860
21866
21873
21875
21880
21890
21898
21901
21902
21922
21926
21929
21934
21935
21937
21943
21950
21968
21969
21980
21988
22002
22005
22006
22014
22026
22030
22032
22034
22045
22048
22050
22072
22074
22079
22081
22082
22104
22111
22126
22149
22157
22169
22172
22175
22184
22189
22192
22193
22208
22209
22210
22211
22227
22251
22257
22261
22265
22274
22282
22287
22290
22292
22299
22301
22306
22314
22322
22340
22346
22353
22357
22366
22372
22373
22389
22391
22392
22401
22408
22409
22412
22427
22443
22449
22454
22461
22464
22482
22485
22494
22502
22508
22514
22515
22516
22519
22522
22523
22524
22525
22540
22544
22545
22559
22564
22578
22579
22587
22609
22610
22614
22625
22629
22632
22637
22639
22650
22651
22653
22667
22674
22679
22697
22705
22706
22713
22724
22760
22761
22764
22769
22775
22777
22779
22780
22786
22787
22809
22812
22814
22816
22833
22834
22835
22840
22858
22866
22867
22872
22876
22884
22887
22893
22898
22900
22906
22919
22935
22937
22959
22961
22963
22965
22971
22974
22996
22997
23012
23013
23016
23020
23023
23032
23035
23041
23051
23063
23067
23068
23075
23079
23080
23087
23099
23111
23122
23128
23133
23134
23146
23147
23157
23159
23195
23211
23213
23220
23235
23238
23247
23264
23274
23278
23284
23291
23293
23298
23305
23308
23313
23321
23336
23338
23345
23351
23373
23375
23385
23387
23391
23393
23394
23403
23412
23427
23441
23445
23448
23458
23483
23488
23490
23497
23498
23507
23511
23523
23527
23553
23563
23564
23565
23578
23593
23600
23670
23672
23677
23685
23687
23693
23695
23715
23719
23723
23725
23727
23728
23729
23736
23739
23741
23747
23756
23783
23784
23802
23809
23811
23813
23822
23852
23862
23866
23868
23877
23883
23884
23891
23907
23909
23916
23921
23930
23935
23943
23947
23952
23958
23967
23969
23970
23977
23981
23982
23992
23999
24000
24001
24004
24021
24024
24027
24036
24037
24039
24043
24050
24066
24080
24081
24083
24093
24110
24116
24147
24156
24168
24169
24179
24181
24183
24193
24197
24201
24206
24220
24221
24228
24257
24272
24273
24286
24303
24306
24323
24337
24343
24357
24373
24376
24377
24380
24392
24398
24401
24408
24409
24422
24427
24432
24435
24437
24439
24441
24443
24446
24455
24458
24460
24464
24465
24468
24472
24487
24502
24506
24528
24535
24565
24569
24573
24581
24583
24586
24589
24590
24591
24597
24601
24606
24639
24643
24647
24687
24689
24690
24697
24709
24722
24725
24726
24729
24730
24735
24749
24754
24765
24767
24773
24776
24781
24785
24786
24805
24810
24817
24818
24823
24828
24834
24835
24839
24841
24843
24858
24869
24872
24873
24902
24903
24908
24916
24917
24926
24927
24933
24935
24946
24952
24954
24955
24965
24970
25000
25032
25034
25040
25047
25062
25063
25069
25078
25081
25082
25109
25128
25135
25138
25144
25157
25158
25170
25172
25174
25177
25185
25186
25193
25202
25208
25209
25213
25214
25218
25228
25229
25234
25246
25248
25255
25256
25259
25281
25288
25290
25292
25293
25294
25295
25300
25303
25312
25319
25321
25326
25330
25337
25350
25359
25375
25376
25387
25395
25396
25410
25411
25426
25430
25439
25442
25446
25450
25484
25488
25492
25494
25495
25499
25513
25516
25520
25524
25549
25557
25560
25561
25564
25569
25572
25581
25582
25587
25598
25607
25608
25611
25618
25625
25632
25634
25635
25639
25652
25657
25659
25664
25668
25683
25688
25689
25692
25709
25711
25721
25724
25732
25735
25737
25739
25743
25760
25771
25775
25782
25788
25810
25825
25835
25840
25851
25858
25864
25865
25874
25890
25891
25896
25905
25914
25922
25929
25948
25952
25954
25968
25977
25978
25979
25990
25992
26006
26013
26029
26033
26036
26037
26042
26045
26048
26049
26050
26063
26075
26076
26081
26098
26104
26109
26112
26115
26122
26124
26125
26127
26128
26129
26132
26157
26158
26163
26174
26177
26181
26183
26184
26185
26189
26197
26205
26210
26211
26213
26225
26228
26230
26231
26239
26243
26251
26254
26256
26265
26268
26269
26270
26272
26274
26275
26280
26283
26289
26297
26301
26302
26307
26308
26309
26323
26349
26352
26353
26354
26367
26369
26383
26385
26391
26400
26404
26414
26420
26421
26431
26435
26440
26442
26453
26457
26460
26473
26476
26477
26485
26501
26502
26507
26517
26532
26534
26535
26545
26558
26575
26582
26586
26590
26594
26597
26603
26604
26607
26609
26612
26619
26622
26623
26626
26639
26642
26658
26665
26670
26674
26675
26682
26683
26698
26713
26730
26732
26740
26751
26757
26759
26764
26772
26785
26795
26807
26809
26810
26811
26817
26824
26832
26840
26843
26848
26854
26857
26865
26868
26880
26887
26891
26892
26898
26902
26903
26914
26924
26929
26947
26949
26954
26956
26969
26974
26975
26977
26987
26991
26996
26998
26999
27011
27020
27027
27034
27036
27045
27054
27055
27065
27070
27074
27084
27098
27104
27109
27114
27118
27123
27139
27142
27160
27162
27173
27174
27182
27183
27189
27195
27197
27202
27204
27207
27209
27211
27215
27238
27241
27243
27250
27251
27255
27263
27265
27267
27270
27279
27285
27300
27304
27305
27306
27309
27331
27332
27345
27349
27370
27373
27377
27384
27401
27413
27415
27435
27436
27452
27454
27455
27461
27466
27469
27472
27474
27475
27480
27492
27499
27500
27505
27508
27512
27517
27520
27536
27545
27548
27557
27559
27571
27573
27584
27586
27587
27607
27609
27610
27616
27621
27625
27627
27639
27645
27667
27678
27685
27696
27698
27700
27710
27714
27715
27741
27743
27753
27756
27760
27762
27765
27772
27776
27779
27786
27796
27807
27809
27814
27821
27823
27825
27830
27836
27850
27852
27858
27865
27868
27872
27892
27906
27914
27940
27952
27955
27961
27969
27970
27974
27979
27983
27989
27991
28006
28023
28024
28028
28029
28038
28052
28060
28064
28072
28073
28087
28098
28103
28107
28111
28118
28141
28142
28151
28152
28161
28175
28179
28186
28192
28202
28210
28212
28215
28225
28235
28242
28246
28252
28259
28264
28270
28271
28274
28275
28281
28285
28294
28296
28301
28305
28307
28315
28318
28322
28333
28341
28343
28350
28352
28356
28362
28386
28390
28393
28397
28399
28401
28405
28406
28413
28418
28421
28433
28436
28441
28454
28455
28456
28458
28465
28482
28490
28501
28510
28522
28538
28562
28563
28567
28568
28571
28575
28579
28589
28593
28610
28613
28615
28633
28642
28648
28649
28650
28655
28663
28672
28679
28697
28704
28707
28710
28713
28724
28731
28737
28743
28748
28750
28765
28774
28779
28782
28788
28789
28792
28800
28816
28819
28820
28827
28849
28851
28852
28858
28877
28881
28894
28933
28954
28962
28974
28975
28988
28997
29005
29013
29019
29032
29035
29043
29048
29050
29072
29077
29080
29083
29094
29097
29100
29107
29108
29109
29114
29118
29120
29122
29136
29139
29152
29159
29165
29170
29176
29189
29190
29196
29199
29202
29203
29208
29215
29228
29236
29238
29245
29252
29276
29279
29280
29282
29287
29298
29300
29322
29324
29330
29332
29340
29342
29351
29358
29365
29382
29401
29411
29412
29414
29419
29429
29434
29444
29468
29473
29474
29476
29477
29484
29485
29486
29490
29499
29502
29505
29506
29509
29531
29541
29544
29545
29549
29551
29561
29572
29574
29580
29581
29583
29593
29602
29609
29611
29617
29618
29619
29621
29625
29633
29644
29650
29652
29656
29668
29671
29673
29674
29700
29703
29715
29732
29739
29745
29752
29755
29759
29760
29768
29770
29771
29778
29780
29793
29796
29800
29801
29805
29810
29821
29835
29837
29841
29843
29847
29853
29855
29871
29883
29888
29900
29901
29908
29923
29935
29942
29950
29961
29966
29967
29969
29975
29983
29984
29992
29994
30007
30008
30012
30028
30034
30037
30038
30047
30049
30057
30063
30075
30088
30091
30094
30095
30098
30105
30115
30120
30129
30133
30138
30149
30153
30155
30157
30161
30162
30193
30200
30202
30203
30204
30211
30215
30221
30229
30244
30245
30256
30266
30272
30274
30275
30278
30285
30302
30319
30321
30326
30343
30345
30351
30352
30353
30357
30363
30375
30381
30390
30396
30401
30403
30410
30418
30419
30426
30428
30432
30441
30442
30443
30445
30449
30460
30466
30470
30471
30474
30481
30496
30509
30510
30514
30516
30518
30519
30527
30543
30555
30560
30561
30573
30583
30584
30593
30605
30608
30613
30632
30635
30644
30656
30663
30681
30685
30692
30696
30698
30709
30726
30727
30730
30739
30745
30747
30764
30766
30773
30789
30795
30796
30811
30839
30840
30847
30855
30857
30867
30875
30878
30891
30893
30897
30907
30909
30910
30916
30930
30939
30943
30953
30959
30960
30962
30969
30977
31003
31009
31016
31017
31041
31044
31059
31061
31076
31085
31089
31094
31095
31106
31115
31117
31121
31138
31139
31145
31148
31150
31153
31155
31158
31161
31162
31177
31179
31182
31198
31202
31204
31205
31212
31218
31225
31226
31229
31230
31233
31237
31239
31248
31255
31264
31267
31275
31276
31281
31288
31291
31294
31295
31305
31310
31318
31329
31332
31340
31346
31355
31356
31358
31372
31383
31385
31393
31401
31405
31410
31412
31428
31431
31440
31445
31451
31452
31468
31482
31490
31493
31495
31500
31503
31510
31511
31535
31537
31542
31545
31549
31564
31565
31573
31584
31586
31589
31591
31606
31608
31609
31617
31620
31629
31632
31637
31642
31647
31652
31654
31667
31668
31679
31689
31692
31699
31705
31708
31713
31718
31721
31729
31740
31743
31746
31747
31766
31769
31792
31804
31811
31819
31820
31822
31823
31828
31842
31864
31874
31879
31883
31894
31901
31903
31907
31913
31918
31919
31921
31922
31942
31945
31946
31949
31954
31959
31963
31967
31970
31986
32003
32004
32011
32024
32031
32039
32054
32055
32057
32061
32065
32070
32072
32075
32085
32095
32113
32118
32121
32137
32138
32141
32146
32148
32149
32155
32156
32160
32180
32183
32185
32203
32209
32222
32229
32230
32232
32239
32261
32262
32264
32266
32270
32272
32274
32277
32280
32285
32288
32300
32309
32310
32313
32333
32338
32352
32355
32370
32372
32389
32394
32400
32404
32415
32417
32421
32427
32428
32433
32451
32454
32469
32475
32476
32512
32525
32532
32536
32538
32551
32568
32571
32579
32585
32587
32591
32595
32599
32602
32604
32610
32619
32620
32622
32642
32647
32651
32671
32674
32678
32679
32683
32691
32701
32705
32708
32713
32716
32723
32753
32781
32784
32785
32796
32802
32814
32819
32820
32829
32830
32833
32843
32854
32856
32882
32883
32886
32900
32905
32909
32922
32926
32927
32930
32942
32947
32948
32960
32969
32971
32973
32978
32981
32987
32998
32999
33019
33021
33022
33024
33030
33050
33057
33060
33067
33073
33074
33087
33097
33098
33111
33113
33117
33118
33124
33127
33131
33137
33144
33149
33154
33161
33162
33174
33175
33211
33220
33222
33235
33251
33266
33267
33276
33277
33296
33299
33301
33319
33327
33353
33355
33374
33381
33388
33391
33392
33399
33426
33438
33450
33451
33458
33473
33482
33488
33491
33504
33506
33507
33512
33518
33524
33532
33540
33551
33553
33558
33565
33566
33574
33591
33620
33624
33626
33633
33637
33646
33659
33661
33662
33674
33694
33695
33697
33700
33708
33710
33711
33716
33720
33722
33726
33729
33732
33734
33741
33743
33744
33747
33748
33751
33764
33767
33770
33783
33785
33808
33823
33828
33834
33840
33851
33865
33872
33889
33926
33932
33946
33953
33962
33963
33977
34001
34004
34006
34011
34012
34016
34031
34040
34045
34048
34050
34052
34063
34064
34067
34072
34080
34082
34090
34092
34097
34100
34102
34107
34114
34115
34121
34130
34131
34133
34146
34155
34158
34162
34168
34171
34176
34182
34183
34189
34192
34197
34198
34207
34210
34214
34217
34218
34248
34250
34253
34258
34264
34270
34279
34284
34288
34292
34300
34331
34354
34357
34369
34374
34378
34387
34388
34392
34399
34401
34409
34414
34417
34418
34421
34427
34437
34438
34442
34444
34447
34450
34454
34459
34470
34476
34501
34502
34521
34533
34541
34561
34563
34564
34579
34587
34589
34592
34597
34608
34610
34612
34618
34620
34626
34632
34636
34646
34652
34653
34659
34664
34667
34668
34670
34678
34685
34696
34698
34707
34709
34710
34715
34716
34734
34742
34747
34748
34749
34753
34757
34761
34765
34772
34777
34780
34794
34795
34796
34799
34802
34816
34819
34823
34828
34839
34845
34846
34848
34852
34854
34863
34871
34877
34889
34905
34909
34916
34918
34920
34928
34932
34933
34948
34950
34957
34960
34975
34976
34986
34988
34998
34999
35000
35003
35004
35010
35013
35019
35023
35032
35043
35047
35052
35053
35060
35068
35074
35079
35082
35087
35089
35094
35095
35099
35107
35108
35118
35124
35125
35129
35130
35131
35133
35141
35146
35184
35199
35213
35215
35216
35219
35248
35255
35263
35269
35272
35274
35275
35277
35282
35293
35295
35298
35306
35334
35337
35357
35358
35359
35360
35389
35391
35396
35406
35407
35439
35456
35465
35479
35483
35491
35501
35503
35512
35519
35548
35552
35569
35575
35578
35599
35602
35609
35613
35620
35623
35628
35629
35641
35642
35658
35661
35675
35676
35687
35692
35694
35705
35713
35715
35718
35725
35728
35738
35741
35742
35750
35752
35753
35760
35771
35775
35782
35784
35787
35788
35789
35792
35794
35809
35812
35837
35838
35839
35840
35841
35844
35850
35853
35861
35862
35871
35894
35909
35910
35925
35929
35936
35938
35941
35948
35950
35952
35953
35959
35982
35997
36017
36037
36041
36043
36044
36047
36052
36068
36075
36078
36086
36093
36101
36112
36123
36124
36126
36130
36134
36142
36143
36144
36145
36148
36150
36154
36156
36173
36188
36192
36202
36206
36207
36219
36220
36236
36246
36249
36265
36267
36275
36278
36281
36294
36300
36304
36309
36316
36320
36325
36345
36352
36354
36367
36376
36381
36385
36404
36410
36418
36429
36430
36431
36442
36448
36449
36451
36457
36471
36482
36484
36486
36503
36517
36535
36540
36542
36544
36547
36555
36558
36562
36581
36604
36609
36613
36618
36619
36627
36633
36639
36647
36649
36666
36668
36692
36693
36698
36711
36740
36751
36752
36755
36760
36769
36784
36786
36798
36805
36820
36821
36823
36828
36841
36848
36855
36863
36872
36883
36884
36899
36904
36922
36925
36933
36945
36954
36964
36966
36971
36977
36988
36994
37004
37006
37007
37008
37011
37018
37019
37026
37027
37032
37034
37035
37039
37040
37043
37056
37057
37061
37067
37074
37076
37080
37082
37089
37090
37093
37097
37098
37105
37110
37116
37126
37128
37135
37136
37142
37150
37161
37162
37163
37165
37170
37193
37200
37203
37209
37210
37217
37226
37242
37243
37258
37269
37271
37272
37286
37289
37291
37306
37336
37351
37357
37368
37369
37371
37373
37374
37375
37376
37389
37392
37395
37396
37408
37412
37413
37435
37451
37460
37465
37466
37469
37471
37473
37475
37486
37492
37501
37502
37507
37510
37515
37517
37518
37520
37526
37539
37540
37542
37551
37562
37568
37574
37589
37592
37600
37602
37612
37616
37618
37632
37633
37634
37639
37647
37649
37667
37685
37697
37701
37703
37710
37716
37718
37726
37728
37733
37739
37744
37745
37755
37765
37780
37785
37788
37794
37798
37811
37815
37817
37831
37836
37838
37839
37842
37845
37869
37872
37893
37904
37910
37911
37915
37921
37922
37923
37926
37929
37946
37956
37958
37964
37966
37968
37969
37971
37976
37977
37980
37984
37985
38003
38009
38010
38012
38015
38051
38059
38063
38065
38072
38073
38083
38095
38096
38102
38127
38132
38139
38140
38141
38149
38152
38153
38154
38166
38170
38183
38185
38192
38212
38224
38225
38236
38238
38240
38246
38258
38265
38267
38270
38271
38278
38280
38285
38292
38293
38301
38307
38311
38312
38321
38322
38329
38330
38335
38345
38356
38357
38363
38365
38367
38368
38371
38379
38383
38396
38410
38417
38434
38435
38436
38445
38454
38456
38461
38474
38477
38479
38481
38496
38497
38504
38508
38511
38516
38518
38520
38536
38545
38546
38547
38555
38565
38570
38578
38592
38594
38595
38599
38611
38618
38627
38631
38634
38637
38653
38660
38668
38678
38679
38700
38724
38732
38734
38735
38736
38751
38754
38763
38767
38771
38772
38775
38776
38783
38807
38830
38835
38837
38845
38849
38851
38853
38855
38866
38872
38891
38895
38900
38905
38907
38919
38925
38926
38933
38934
38944
38948
38949
38974
38987
38999
39005
39006
39007
39011
39013
39021
39026
39041
39050
39051
39057
39066
39070
39072
39078
39079
39083
39087
39093
39120
39125
39127
39131
39138
39139
39157
39166
39187
39190
39207
39211
39228
39239
39246
39259
39262
39263
39269
39271
39297
39298
39310
39319
39326
39335
39343
39347
39351
39367
39380
39385
39398
39399
39403
39411
39412
39419
39421
39426
39467
39494
39505
39514
39520
39530
39539
39540
39568
39571
39577
39588
39591
39598
39599
39600
39608
39622
39623
39627
39642
39655
39656
39660
39661
39662
39668
39674
39680
39693
39699
39703
39706
39726
39728
39754
39755
39756
39759
39763
39764
39778
39784
39790
39797
39800
39809
39829
39831
39837
39848
39859
39867
39870
39875
39878
39881
39900
39903
39910
39920
39924
39926
39935
39937
39948
39962
39964
39965
39967
39968
39969
39972
39973
39983
39997
40010
40011
40021
40030
40033
40036
40037
40041
40044
40053
40062
40064
40068
40074
40091
40092
40094
40100
40104
40119
40122
40125
40132
40134
40140
40148
40159
40161
40183
40188
40201
40205
40213
40214
40234
40239
40242
40248
40251
40259
40265
40270
40278
40285
40289
40291
40300
40304
40318
40338
40352
40354
40358
40378
40399
40400
40411
40412
40422
40426
40432
40438
40440
40448
40450
40457
40467
40472
40474
40488
40496
40499
40509
40515
40528
40532
40538
40541
40543
40552
40558
40560
40569
40579
40585
40586
40587
40594
40595
40599
40604
40611
40620
40621
40630
40632
40645
40647
40655
40660
40678
40685
40690
40704
40706
40710
40711
40718
40720
40722
40724
40734
40750
40755
40756
40767
40770
40772
40775
40777
40795
40799
40812
40813
40821
40828
40830
40831
40838
40843
40855
40864
40873
40874
40875
40885
40886
40889
40890
40914
40929
40932
40937
40943
40947
40953
40975
40978
40988
41003
41015
41023
41038
41039
41040
41057
41060
41062
41070
41078
41080
41087
41090
41100
41107
41111
41112
41115
41117
41118
41119
41120
41122
41136
41141
41146
41149
41152
41153
41168
41171
41203
41207
41209
41211
41215
41220
41224
41233
41237
41239
41275
41283
41286
41297
41304
41310
41312
41326
41333
41340
41347
41352
41358
41366
41394
41402
41406
41409
41422
41425
41436
41447
41452
41464
41468
41469
41479
41485
41493
41496
41505
41509
41511
41514
41521
41524
41540
41546
41548
41550
41560
41574
41576
41580
41591
41592
41600
41603
41626
41627
41636
41637
41638
41646
41653
41661
41662
41663
41669
41675
41677
41678
41682
41699
41700
41703
41704
41705
41707
41713
41714
41725
41730
41731
41750
41756
41758
41767
41789
41803
41807
41814
41826
41840
41848
41849
41875
41881
41897
41911
41919
41920
41924
41947
41951
41953
41956
41970
41976
41992
42005
42006
42008
42013
42015
42024
42025
42047
42050
42053
42060
42062
42064
42075
42076
42082
42083
42086
42087
42093
42098
42103
42113
42116
42121
42157
42159
42170
42171
42172
42177
42184
42187
42191
42195
42217
42233
42237
42240
42244
42245
42249
42253
42257
42263
42275
42285
42293
42294
42306
42311
42312
42325
42327
42339
42349
42361
42363
42369
42377
42380
42407
42413
42421
42434
42451
42455
42464
42467
42468
42470
42478
42481
42487
42489
42490
42493
42498
42499
42502
42505
42512
42514
42519
42531
42543
42561
42565
42566
42579
42594
42601
42606
42608
42624
42645
42648
42654
42660
42672
42674
42697
42711
42716
42723
42740
42747
42752
42756
42758
42759
42760
42762
42778
42779
42780
42786
42789
42791
42796
42806
42807
42811
42818
42822
42826
42845
42855
42871
42877
42883
42893
42900
42913
42916
42918
42922
42923
42941
42944
42946
42960
42963
42967
42977
42980
42983
42985
42986
43001
43003
43010
43017
43028
43031
43033
43034
43044
43046
43049
43056
43061
43073
43085
43092
43095
43099
43109
43135
43136
43138
43166
43168
43169
43176
43185
43191
43206
43207
43210
43217
43219
43235
43243
43259
43279
43291
43298
43301
43303
43313
43315
43316
43332
43339
43341
43342
43358
43361
43363
43366
43375
43379
43381
43391
43415
43420
43423
43429
43436
43441
43442
43457
43459
43469
43474
43482
43518
43519
43520
43528
43529
43532
43536
43540
43546
43548
43551
43577
43581
43584
43590
43591
43597
43603
43607
43614
43615
43617
43632
43648
43652
43658
43666
43686
43691
43702
43705
43711
43712
43714
43730
43738
43746
43753
43771
43774
43783
43787
43788
43793
43796
43805
43807
43814
43818
43820
43824
43828
43839
43857
43864
43869
43874
43877
43903
43919
43928
43931
43936
43937
43955
43961
43964
43972
43975
43979
43980
43989
43990
43992
44008
44009
44012
44018
44022
44037
44039
44045
44061
44062
44068
44083
44085
44088
44094
44095
44101
44114
44117
44134
44137
44147
44148
44150
44154
44157
44160
44163
44171
44172
44175
44176
44188
44196
44201
44204
44205
44206
44207
44214
44222
44231
44238
44243
44247
44250
44255
44261
44269
44274
44276
44279
44280
44287
44292
44296
44305
44306
44311
44312
44313
44317
44319
44331
44334
44336
44337
44338
44349
44350
44360
44362
44378
44380
44387
44410
44413
44414
44421
44425
44438
44441
44447
44453
44456
44457
44472
44476
44485
44487
44488
44518
44526
44542
44558
44560
44569
44580
44581
44586
44596
44601
44604
44609
44612
44618
44619
44622
44626
44662
44675
44676
44685
44690
44693
44720
44724
44727
44731
44737
44740
44757
44774
44781
44787
44793
44794
44800
44802
44805
44807
44814
44818
44829
44830
44850
44861
44865
44866
44868
44872
44877
44885
44920
44926
44930
44943
44949
44952
44955
44956
44957
44963
44972
44976
44982
44986
44995
44999
45003
45006
45020
45023
45024
45025
45027
45032
45034
45039
45041
45063
45069
45070
45076
45096
45117
45141
45147
45152
45157
45165
45167
45196
45202
45203
45205
45210
45218
45228
45230
45232
45239
45268
45273
45276
45280
45308
45310
45316
45328
45331
45334
45341
45351
45356
45358
45363
45376
45385
45390
45398
45420
45426
45434
45440
45443
45468
45470
45478
45483
45485
45500
45505
45509
45511
45521
45524
45532
45533
45538
45546
45547
45548
45555
45557
45567
45575
45588
45590
45591
45597
45601
45603
45604
45607
45610
45617
45625
45628
45630
45635
45643
45648
45653
45660
45663
45665
45666
45670
45681
45687
45691
45695
45700
45714
45721
45722
45727
45731
45733
45748
45762
45769
45770
45773
45785
45794
45795
45804
45806
45808
45817
45830
45843
45846
45852
45859
45869
45873
45879
45882
45883
45886
45896
45897
45907
45908
45909
45912
45913
45924
45928
45930
45940
45948
45970
45983
45987
45997
46013
46017
46018
46020
46022
46057
46058
46082
46085
46095
46097
46102
46104
46131
46132
46135
46138
46140
46144
46148
46164
46170
46171
46191
46192
46196
46202
46220
46228
46245
46250
46261
46265
46267
46268
46279
46291
46295
46297
46308
46309
46314
46323
46340
46341
46345
46347
46349
46350
46361
46364
46373
46376
46377
46382
46387
46395
46402
46406
46409
46419
46424
46433
46434
46452
46455
46460
46474
46488
46491
46492
46496
46497
46498
46504
46527
46529
46534
46538
46541
46548
46551
46554
46557
46559
46564
46565
46571
46574
46578
46587
46619
46621
46624
46628
46637
46643
46654
46655
46663
46665
46673
46678
46695
46706
46707
46708
46709
46710
46724
46728
46736
46737
46744
46745
46752
46760
46766
46768
46775
46782
46786
46808
46810
46811
46812
46814
46820
46822
46829
46834
46855
46877
46880
46886
46894
46896
46903
46916
46922
46935
46939
46945
46950
46952
46954
46957
46964
46966
46967
46973
46984
47001
47011
47013
47014
47038
47041
47043
47045
47065
47071
47082
47092
47095
47102
47115
47117
47125
47126
47128
47147
47151
47157
47167
47169
47172
47180
47182
47185
47191
47218
47220
47237
47246
47253
47268
47292
47295
47299
47301
47307
47308
47313
47321
47328
47336
47340
47345
47352
47354
47359
47362
47365
47375
47378
47400
47411
47425
47432
47440
47442
47452
47453
47459
47464
47469
47473
47478
47487
47494
47504
47506
47509
47510
47521
47530
47534
47552
47554
47563
47573
47574
47582
47594
47597
47600
47610
47613
47620
47625
47626
47635
47647
47652
47656
47665
47668
47671
47674
47692
47707
47727
47732
47733
47742
47746
47754
47778
47779
47782
47789
47796
47800
47801
47804
47808
47815
47818
47830
47843
47851
47860
47868
47870
47877
47878
47884
47885
47894
47918
47919
47926
47928
47929
47935
47951
47953
47970
48005
48006
48010
48023
48026
48028
48038
48048
48053
48059
48065
48066
48069
48083
48086
48101
48116
48122
48133
48135
48137
48147
48149
48154
48158
48168
48169
48197
48202
48203
48218
48219
48226
48231
48232
48248
48251
48258
48265
48276
48285
48300
48303
48305
48309
48311
48313
48315
48316
48322
48326
48327
48333
48337
48346
48361
48371
48375
48379
48382
48386
48392
48400
48402
48412
48417
48426
48430
48433
48434
48443
48446
48448
48455
48457
48463
48465
48473
48479
48495
48501
48502
48508
48513
48521
48523
48527
48533
48534
48538
48542
48545
48547
48549
48553
48555
48557
48565
48568
48571
48573
48576
48579
48582
48583
48590
48592
48612
48613
48615
48616
48621
48624
48635
48637
48638
48641
48644
48646
48649
48654
48657
48658
48672
48673
48676
48678
48687
48689
48697
48703
48711
48715
48724
48726
48737
48741
48760
48769
48771
48775
48777
48778
48799
48801
48816
48818
48824
48826
48831
48832
48837
48840
48841
48842
48847
48848
48853
48856
48857
48871
48872
48878
48879
48880
48890
48893
48895
48897
48898
48901
48906
48916
48918
48923
48948
48949
48950
48952
48953
48978
48988
49004
49006
49013
49029
49033
49050
49051
49053
49061
49095
49097
49101
49104
49106
49111
49143
49144
49149
49152
49164
49169
49175
49203
49214
49215
49220
49221
49229
49230
49231
49232
49236
49237
49247
49250
49266
49281
49285
49287
49288
49296
49302
49309
49328
49346
49355
49360
49363
49370
49378
49383
49393
49433
49434
49437
49443
49452
49456
49463
49470
49477
49481
49506
49507
49518
49528
49530
49542
49548
49552
49554
49559
49579
49593
49603
49608
49610
49623
49625
49628
49642
49644
49645
49660
49664
49700
49707
49709
49721
49726
49730
49741
49745
49757
49776
49777
49779
49784
49785
49788
49794
49801
49805
49811
49821
49828
49832
49833
49841
49842
49846
49850
49854
49855
49858
49866
49868
49871
49877
49885
49891
49893
49907
49908
49936
49943
49949
49955
49963
49967
49971
49976
49987
49996
50004
50007
50013
50017
50018
50032
50039
50048
50051
50052
50064
50067
50071
50076
50081
50088
50090
50107
50110
50118
50121
50123
50124
50139
50142
50147
50154
50161
50162
50169
50189
50191
50197
50200
50203
50205
50209
50222
50223
50238
50242
50248
50263
50265
50282
50291
50296
50310
50313
50325
50327
50329
50335
50353
50358
50359
50364
50374
50382
50386
50389
50391
50401
50406
50408
50409
50410
50412
50429
50457
50462
50474
50476
50480
50489
50491
50497
50508
50512
50513
50517
50521
50535
50549
50554
50556
50557
50562
50573
50575
50607
50611
50623
